NAME : blue-paris-after
COMMENT : LENGHT = 4.154528e6
TYPE : TOUR
DIMENSION : 601
TOUR_SECTION
2
51
22
147
112
168
209
507
384
382
460
232
455
88
440
419
445
408
503
431
58
504
293
197
332
125
313
201
31
258
360
204
247
217
16
243
443
545
286
444
265
422
211
521
584
207
297
329
595
454
318
350
231
308
569
113
541
20
392
159
234
269
577
96
596
411
300
268
53
469
14
538
529
472
196
126
206
139
85
346
413
525
397
589
352
558
259
491
358
305
290
378
116
467
447
423
122
23
191
599
63
299
246
59
316
146
439
94
566
127
29
71
464
556
336
325
137
99
225
396
136
131
91
394
92
362
399
69
366
371
330
4
438
582
6
215
513
74
185
145
564
345
176
230
134
535
496
170
372
175
339
284
224
35
228
543
468
114
554
349
124
356
319
242
557
164
393
216
89
310
341
120
38
66
143
187
600
410
386
277
111
412
432
353
79
267
156
118
83
162
253
363
15
238
493
335
184
520
307
252
76
459
28
110
214
102
587
283
9
36
368
218
8
328
348
73
12
44
380
451
442
153
155
474
84
188
271
100
475
530
17
40
581
181
2
314
565
478
405
501
429
195
487
324
57
407
292
93
389
166
544
46
280
160
151
364
183
531
56
221
533
361
222
449
302
26
296
282
428
403
420
213
241
418
369
133
98
437
90
376
274
7
446
101
190
390
154
434
574
43
288
516
562
132
495
275
347
321
593
388
315
416
148
115
138
317
490
140
264
591
249
585
400
426
333
95
456
223
262
68
377
254
174
586
461
81
559
327
158
119
142
141
514
205
573
3
303
270
471
161
527
25
304
180
295
512
178
510
357
401
210
251
542
476
50
338
278
466
11
291
534
343
202
97
248
597
37
193
379
406
537
492
517
546
30
523
553
18
208
515
550
62
82
27
229
72
250
594
41
499
524
245
320
480
19
506
287
375
78
172
70
32
436
226
123
351
294
233
598
532
414
240
322
526
109
395
189
103
272
500
165
334
64
511
331
157
342
47
462
457
354
203
547
536
117
563
236
239
359
86
260
575
479
450
219
261
374
311
107
177
24
570
144
583
477
235
560
402
104
13
87
415
52
404
528
263
502
337
182
489
105
571
312
42
149
518
548
257
485
244
179
255
481
578
552
592
458
309
54
433
326
212
194
421
427
128
227
266
45
497
340
430
306
484
381
163
49
409
80
519
441
486
10
75
67
470
508
171
33
367
555
488
473
48
448
509
435
192
494
498
323
549
522
567
237
373
365
21
167
453
152
463
483
417
273
572
34
281
289
77
298
198
385
465
150
601
452
108
370
173
355
65
398
424
169
276
425
387
383
579
285
539
130
301
588
60
580
344
540
106
121
391
551
61
505
279
129
561
220
55
482
590
568
5
39
576
200
256
199
135
186
-1
EOF
